1 0.3481770833333333 0.5351851851851852 0.034895833333333334 0.13148148148148148
1 0.6518229166666667 0.22685185185185186 0.0109375 0.040740740740740744
1 0.7838541666666666 0.28425925925925927 0.0125 0.05
0 0.31354166666666666 0.2263888888888889 0.022916666666666665 0.036111111111111115
0 0.3609375 0.29953703703703705 0.035416666666666666 0.06574074074074074
0 0.359375 0.2425925925925926 0.027083333333333334 0.0462962962962963
0 0.3768229166666667 0.21435185185185185 0.022395833333333334 0.026851851851851852
0 0.4713541666666667 0.3513888888888889 0.065625 0.08796296296296297
0 0.4205729166666667 0.4351851851851852 0.08697916666666666 0.12037037037037038
0 0.6091145833333333 0.5185185185185185 0.12447916666666667 0.17222222222222222
0 0.6221354166666666 0.30833333333333335 0.0703125 0.07037037037037037
0 0.9330729166666667 0.5925925925925926 0.13072916666666667 0.1814814814814815
