1 0.1125 0.5777777777777778 0.035416666666666666 0.12407407407407407
1 0.60390625 0.23287037037037037 0.011979166666666666 0.04351851851851852
1 0.8356770833333333 0.425462962962963 0.013020833333333334 0.09166666666666667
1 0.8216145833333334 0.4375 0.0109375 0.0638888888888889
0 0.31354166666666666 0.2263888888888889 0.022916666666666665 0.032407407407407406
0 0.3653645833333333 0.1962962962962963 0.024479166666666666 0.02962962962962963
0 0.42916666666666664 0.2939814814814815 0.04375 0.06018518518518519
0 0.484375 0.32916666666666666 0.065625 0.0787037037037037
0 0.5489583333333333 0.3893518518518519 0.09895833333333333 0.10092592592592593
0 0.784375 0.513888888888889 0.17916666666666667 0.15555555555555556
