0 0.31276041666666665 0.22268518518518518 0.021354166666666667 0.04351851851851852
0 0.39296875 0.22592592592592595 0.030729166666666665 0.0462962962962963
0 0.36875 0.19212962962962965 0.02395833333333333 0.030555555555555558
0 0.44505208333333335 0.3194444444444445 0.057812499999999996 0.07962962962962963
0 0.5723958333333333 0.3990740740740741 0.11145833333333333 0.11111111111111112
0 0.8216145833333334 0.5115740740740741 0.18697916666666667 0.14537037037037037
1 0.061718749999999996 0.7263888888888889 0.03802083333333333 0.1527777777777778
1 0.8552083333333333 0.4083333333333333 0.010416666666666666 0.053703703703703705
1 0.8682291666666666 0.3990740740740741 0.014583333333333334 0.08703703703703704
1 0.7216145833333333 0.2935185185185185 0.015104166666666667 0.0462962962962963
