1 0.3815104166666667 0.5120370370370371 0.0234375 0.13333333333333333
1 0.36432291666666666 0.5347222222222222 0.015104166666666667 0.08055555555555556
1 0.6359375 0.24537037037037038 0.014583333333333334 0.044444444444444446
1 0.6588541666666666 0.23287037037037037 0.010416666666666666 0.032407407407407406
0 0.4083333333333333 0.2449074074074074 0.03333333333333333 0.05092592592592593
0 0.31223958333333335 0.22592592592592595 0.022395833333333334 0.037037037037037035
0 0.3520833333333333 0.22083333333333335 0.017708333333333333 0.032407407407407406
0 0.5989583333333334 0.27870370370370373 0.059375 0.05555555555555556
0 0.7403645833333333 0.41203703703703703 0.10260416666666666 0.10555555555555556
0 0.7346354166666667 0.6893518518518519 0.2140625 0.3472222222222222
0 0.4700520833333333 0.5162037037037037 0.09739583333333333 0.1675925925925926
0 0.5015625 0.21342592592592594 0.029166666666666667 0.032407407407407406
