1 0.3481770833333333 0.538425925925926 0.03177083333333333 0.13240740740740742
1 0.7059895833333333 0.25277777777777777 0.0109375 0.0462962962962963
0 0.31276041666666665 0.22824074074074074 0.021354166666666667 0.030555555555555558
0 0.35911458333333335 0.2337962962962963 0.0234375 0.04166666666666667
0 0.39296875 0.32546296296296295 0.049479166666666664 0.08981481481481482
0 0.4557291666666667 0.2962962962962963 0.05416666666666667 0.0925925925925926
0 0.5518229166666666 0.3768518518518519 0.09322916666666667 0.1388888888888889
0 0.6046875 0.26203703703703707 0.05 0.05
0 0.6333333333333333 0.3300925925925926 0.06875 0.0787037037037037
0 0.9210937499999999 0.4569444444444445 0.1390625 0.1212962962962963
0 0.48541666666666666 0.6314814814814815 0.11562499999999999 0.21851851851851853
0 0.7328125 0.8106481481481482 0.234375 0.35462962962962963
1 0.14140625 0.5277777777777778 0.0296875 0.10740740740740741
