0 0.31145833333333334 0.22453703703703703 0.020833333333333332 0.032407407407407406
0 0.3455729166666667 0.22083333333333335 0.018229166666666668 0.03425925925925926
0 0.38359375 0.22824074074074074 0.024479166666666666 0.036111111111111115
0 0.3640625 0.27314814814814814 0.027083333333333334 0.04814814814814815
0 0.3763020833333333 0.3462962962962963 0.05364583333333333 0.08703703703703704
0 0.5033854166666667 0.39722222222222225 0.0859375 0.10925925925925926
0 0.5565104166666667 0.26851851851851855 0.05364583333333333 0.06296296296296297
0 0.47291666666666665 0.5666666666666667 0.121875 0.19444444444444445
0 0.7140625 0.674537037037037 0.17916666666666667 0.23425925925925928
1 0.64375 0.22268518518518518 0.0125 0.036111111111111115
1 0.7752604166666667 0.27870370370370373 0.015104166666666667 0.04814814814814815
1 0.34765625 0.5351851851851852 0.03697916666666667 0.13148148148148148
