0 0.35963541666666665 0.31666666666666665 0.0359375 0.07222222222222223
0 0.31223958333333335 0.22824074074074074 0.019270833333333334 0.036111111111111115
0 0.36953125 0.21712962962962964 0.021354166666666667 0.03796296296296296
0 0.4075520833333333 0.22824074074074074 0.028645833333333332 0.036111111111111115
0 0.4341145833333333 0.26944444444444443 0.0390625 0.0462962962962963
0 0.8153645833333333 0.4430555555555556 0.1171875 0.10833333333333334
0 0.54453125 0.3773148148148148 0.1015625 0.1212962962962963
1 0.5177083333333333 0.4898148148148148 0.02395833333333333 0.11481481481481481
1 0.4981770833333333 0.5050925925925926 0.0140625 0.0787037037037037
1 0.6471354166666666 0.22361111111111112 0.0109375 0.03796296296296296
1 0.7481770833333333 0.30972222222222223 0.0140625 0.05277777777777778
