0 0.31276041666666665 0.2263888888888889 0.021354166666666667 0.036111111111111115
0 0.3541666666666667 0.22546296296296298 0.020833333333333332 0.04351851851851852
0 0.35625 0.27037037037037037 0.03333333333333333 0.05185185185185186
0 0.453125 0.32083333333333336 0.059375 0.075
0 0.5502604166666667 0.4305555555555556 0.08489583333333334 0.12037037037037038
0 0.37916666666666665 0.3601851851851852 0.0625 0.08333333333333334
0 0.5481770833333334 0.6152777777777778 0.1515625 0.20277777777777778
0 0.7231770833333333 0.37962962962962965 0.10052083333333334 0.10555555555555556
0 0.7786458333333334 0.5398148148148149 0.18645833333333334 0.19444444444444445
1 0.3489583333333333 0.5333333333333333 0.03333333333333333 0.12962962962962962
1 0.6583333333333333 0.22824074074074074 0.009375 0.04351851851851852
1 0.7903645833333334 0.28564814814814815 0.0109375 0.049074074074074076
