1 0.3481770833333333 0.5337962962962963 0.027604166666666666 0.13240740740740742
1 0.6643229166666667 0.23194444444444445 0.009895833333333333 0.04166666666666667
1 0.7859375 0.29120370370370374 0.009375 0.049074074074074076
0 0.31328125 0.225 0.024479166666666666 0.03518518518518519
0 0.3520833333333333 0.23842592592592593 0.027083333333333334 0.049074074074074076
0 0.45546875 0.44907407407407407 0.0859375 0.12037037037037038
0 0.43854166666666666 0.2939814814814815 0.04895833333333333 0.06574074074074074
0 0.5104166666666666 0.3731481481481482 0.07083333333333333 0.0925925925925926
0 0.6346354166666667 0.46620370370370373 0.13697916666666665 0.16203703703703703
0 0.8645833333333334 0.4990740740740741 0.14479166666666665 0.14814814814814814
