0 0.42916666666666664 0.4046296296296297 0.075 0.10555555555555556
0 0.4947916666666667 0.3527777777777778 0.065625 0.09074074074074075
0 0.5893229166666667 0.4291666666666667 0.11927083333333333 0.14537037037037037
0 0.3572916666666667 0.2865740740740741 0.042708333333333334 0.06018518518518519
0 0.4322916666666667 0.2814814814814815 0.04479166666666667 0.05740740740740741
0 0.9348958333333334 0.5796296296296296 0.13020833333333334 0.17037037037037037
0 0.31197916666666664 0.2240740740740741 0.025 0.03333333333333333
1 0.3497395833333333 0.5356481481481482 0.03177083333333333 0.13611111111111113
1 0.6653645833333334 0.23750000000000002 0.0109375 0.04537037037037037
1 0.7854166666666667 0.29212962962962963 0.0125 0.05277777777777778
