1 0.5671875 0.8865740740740741 0.05 0.10833333333333334
1 0.8596354166666667 0.3236111111111111 0.011979166666666666 0.06944444444444445
1 0.9197916666666667 0.3365740740740741 0.014583333333333334 0.0787037037037037
0 0.31927083333333334 0.637962962962963 0.11145833333333333 0.20555555555555557
0 0.48020833333333335 0.6726851851851852 0.15833333333333333 0.25462962962962965
0 0.75390625 0.6791666666666667 0.1796875 0.26203703703703707
0 0.6138020833333333 0.5171296296296296 0.12135416666666667 0.16574074074074074
0 0.440625 0.44027777777777777 0.08229166666666667 0.13425925925925927
0 0.5322916666666666 0.41064814814814815 0.084375 0.1175925925925926
0 0.3736979166666667 0.31574074074074077 0.044270833333333336 0.06296296296296297
