0 0.3143229166666667 0.39583333333333337 0.06302083333333333 0.09907407407407408
0 0.33697916666666666 0.5708333333333333 0.109375 0.20462962962962963
0 0.4161458333333333 0.3685185185185185 0.06770833333333333 0.08518518518518518
0 0.4440104166666667 0.2833333333333333 0.0484375 0.06481481481481481
0 0.48802083333333335 0.3282407407407408 0.06458333333333333 0.08796296296296297
0 0.5658854166666667 0.4439814814814815 0.10260416666666666 0.13055555555555556
0 0.7674479166666667 0.7384259259259259 0.19322916666666667 0.275
0 0.7908854166666667 0.513425925925926 0.1734375 0.15462962962962964
0 0.8453125 0.4430555555555556 0.11562499999999999 0.10833333333333334
0 0.6091145833333333 0.26666666666666666 0.05364583333333333 0.061111111111111116
