1 0.18645833333333334 0.6050925925925926 0.03229166666666666 0.14166666666666666
1 0.6856770833333333 0.23750000000000002 0.0109375 0.04722222222222222
0 0.69765625 0.3388888888888889 0.09114583333333333 0.07962962962962963
0 0.8208333333333333 0.3675925925925926 0.0875 0.09074074074074075
0 0.9132812499999999 0.5361111111111111 0.1578125 0.17037037037037037
0 0.6221354166666666 0.4277777777777778 0.13385416666666666 0.12592592592592594
0 0.4973958333333333 0.3462962962962963 0.07083333333333333 0.0925925925925926
0 0.51796875 0.24166666666666667 0.0390625 0.05
0 0.3692708333333333 0.225 0.022916666666666665 0.044444444444444446
0 0.4028645833333333 0.23564814814814816 0.0296875 0.036111111111111115
0 0.4479166666666667 0.2865740740740741 0.04791666666666666 0.058333333333333334
0 0.3875 0.34351851851851856 0.06145833333333333 0.1
0 0.32135416666666666 0.3087962962962963 0.04479166666666667 0.062037037037037036
0 0.5760416666666667 0.7564814814814815 0.175 0.29814814814814816
