0 0.28515625 0.6152777777777778 0.11302083333333333 0.28611111111111115
0 0.5354166666666667 0.65 0.175 0.2925925925925926
0 0.7578125 0.6763888888888889 0.184375 0.25092592592592594
0 0.8216145833333334 0.3962962962962963 0.11927083333333333 0.08703703703703704
0 0.6278645833333333 0.32685185185185184 0.07135416666666666 0.07222222222222223
0 0.5322916666666666 0.41203703703703703 0.08645833333333333 0.11111111111111112
0 0.3755208333333333 0.28935185185185186 0.040625 0.06944444444444445
0 0.31666666666666665 0.28935185185185186 0.03854166666666667 0.05277777777777778
1 0.17161458333333332 0.7560185185185185 0.034895833333333334 0.17314814814814816
1 0.146875 0.6921296296296297 0.026041666666666668 0.1564814814814815
1 0.16223958333333333 0.48935185185185187 0.028645833333333332 0.11574074074074074
1 0.8895833333333333 0.34120370370370373 0.016666666666666666 0.06759259259259259
1 0.9598958333333333 0.3541666666666667 0.013541666666666667 0.05648148148148149
