0 0.7609375 0.33611111111111114 0.090625 0.09074074074074075
0 0.8588541666666667 0.512962962962963 0.15 0.16296296296296298
0 0.77109375 0.762962962962963 0.21510416666666665 0.3111111111111111
0 0.4825520833333333 0.6569444444444444 0.1453125 0.2564814814814815
0 0.3065104166666667 0.6685185185185185 0.13697916666666665 0.28703703703703703
0 0.4302083333333333 0.44027777777777777 0.084375 0.14722222222222223
0 0.56796875 0.41620370370370374 0.08802083333333333 0.1398148148148148
0 0.325 0.47870370370370374 0.07083333333333333 0.12592592592592594
1 0.9002604166666667 0.3453703703703704 0.008854166666666666 0.06666666666666667
1 0.9098958333333333 0.3421296296296296 0.009375 0.06574074074074074
1 0.9239583333333333 0.34490740740740744 0.008333333333333333 0.075
1 0.15859375 0.5143518518518518 0.021354166666666667 0.12685185185185185
1 0.13802083333333334 0.5282407407407408 0.025 0.1175925925925926
1 0.725 0.25787037037037036 0.010416666666666666 0.04351851851851852
