0 0.33828125 0.5467592592592593 0.1046875 0.1953703703703704
0 0.5752604166666666 0.7523148148148149 0.17760416666666667 0.30092592592592593
0 0.834375 0.49074074074074076 0.175 0.17592592592592593
0 0.82109375 0.39490740740740743 0.10572916666666667 0.10277777777777779
0 0.66796875 0.27361111111111114 0.06197916666666667 0.06574074074074074
0 0.5565104166666667 0.25277777777777777 0.04635416666666667 0.05
0 0.6083333333333333 0.41203703703703703 0.12083333333333333 0.11851851851851852
0 0.4934895833333333 0.3541666666666667 0.0734375 0.08981481481481482
0 0.3611979166666667 0.2689814814814815 0.03802083333333333 0.0638888888888889
0 0.46171875 0.3013888888888889 0.04635416666666667 0.058333333333333334
1 0.1828125 0.6097222222222223 0.025 0.1287037037037037
1 0.65703125 0.23148148148148148 0.0140625 0.03518518518518519
