0 0.3260416666666667 0.3675925925925926 0.053125 0.08888888888888889
0 0.32578125 0.26851851851851855 0.0359375 0.05
0 0.375 0.3180555555555556 0.041666666666666664 0.0638888888888889
0 0.43255208333333334 0.35879629629629634 0.07760416666666667 0.0787037037037037
0 0.50546875 0.33796296296296297 0.07552083333333333 0.06296296296296297
0 0.60625 0.3814814814814815 0.10208333333333333 0.10555555555555556
0 0.5333333333333333 0.4152777777777778 0.08645833333333333 0.10648148148148148
0 0.6135416666666667 0.5152777777777778 0.11875 0.1527777777777778
0 0.4419270833333333 0.4439814814814815 0.0890625 0.13425925925925927
0 0.3182291666666667 0.6435185185185185 0.11354166666666667 0.2111111111111111
0 0.47890625 0.6777777777777778 0.1578125 0.26481481481481484
0 0.7575520833333333 0.6833333333333333 0.19114583333333332 0.27222222222222225
1 0.9447916666666667 0.3472222222222222 0.014583333333333334 0.06296296296296297
1 0.6513020833333333 0.23750000000000002 0.013020833333333334 0.04537037037037037
