0 0.3203125 0.6365740740740741 0.11041666666666666 0.21203703703703705
0 0.47942708333333334 0.6731481481481482 0.1640625 0.26481481481481484
0 0.6171875 0.513888888888889 0.13020833333333334 0.15555555555555556
0 0.75625 0.6791666666666667 0.18958333333333333 0.28055555555555556
0 0.44505208333333335 0.4388888888888889 0.09114583333333333 0.12037037037037038
0 0.534375 0.4064814814814815 0.090625 0.10925925925925926
0 0.37083333333333335 0.31203703703703706 0.04583333333333333 0.06851851851851852
0 0.465625 0.3175925925925926 0.05 0.07037037037037037
1 0.8088541666666667 0.29814814814814816 0.010416666666666666 0.06296296296296297
1 0.86875 0.32175925925925924 0.0125 0.0638888888888889
