1 0.175 0.7648148148148148 0.035416666666666666 0.1685185185185185
1 0.17265625 0.6685185185185185 0.033854166666666664 0.09444444444444444
1 0.8458333333333333 0.32037037037037036 0.008333333333333333 0.06666666666666667
1 0.9216145833333333 0.3439814814814815 0.0109375 0.06944444444444445
0 0.7942708333333334 0.425 0.12083333333333333 0.10555555555555556
0 0.7588541666666666 0.6810185185185186 0.1875 0.26203703703703707
0 0.2895833333333333 0.5925925925925926 0.10833333333333334 0.26851851851851855
0 0.503125 0.5865740740740741 0.14895833333333333 0.25833333333333336
0 0.61484375 0.5092592592592593 0.11927083333333333 0.16111111111111112
0 0.53046875 0.41111111111111115 0.08385416666666666 0.11481481481481481
0 0.36953125 0.2652777777777778 0.0328125 0.05648148148148149
0 0.32890625 0.25462962962962965 0.033854166666666664 0.0462962962962963
