1 0.1703125 0.6847222222222222 0.036458333333333336 0.11574074074074074
1 0.17265625 0.7648148148148148 0.04010416666666666 0.16111111111111112
1 0.8328125 0.3125 0.011458333333333333 0.05277777777777778
1 0.9028645833333333 0.33796296296296297 0.0171875 0.06851851851851852
1 0.696875 0.2518518518518519 0.010416666666666666 0.03518518518518519
0 0.28880208333333335 0.5856481481481481 0.10885416666666667 0.2564814814814815
0 0.49140625 0.5537037037037037 0.14635416666666667 0.23148148148148148
0 0.6174479166666667 0.5148148148148148 0.1171875 0.1537037037037037
0 0.7575520833333333 0.6800925925925926 0.1796875 0.2638888888888889
0 0.48593749999999997 0.826388888888889 0.190625 0.32685185185185184
0 0.5364583333333334 0.41064814814814815 0.08541666666666667 0.11388888888888889
0 0.90859375 0.47870370370370374 0.1453125 0.11851851851851852
0 0.4513020833333333 0.3055555555555556 0.044270833333333336 0.05925925925925926
0 0.49114583333333334 0.33240740740740743 0.052083333333333336 0.07407407407407407
0 0.36432291666666666 0.250462962962963 0.0328125 0.04537037037037037
