1 0.0765625 0.750925925925926 0.046875 0.1537037037037037
1 0.2453125 0.6393518518518518 0.022916666666666665 0.05648148148148149
1 0.2755208333333333 0.6402777777777778 0.020833333333333332 0.04537037037037037
1 0.30234375 0.39351851851851855 0.025520833333333333 0.0462962962962963
1 0.9 0.4236111111111111 0.010416666666666666 0.06944444444444445
1 0.91484375 0.4375 0.011979166666666666 0.075
0 0.4536458333333333 0.6171296296296297 0.14166666666666666 0.22314814814814815
0 0.421875 0.40370370370370373 0.06979166666666667 0.12962962962962962
0 0.5341145833333333 0.4152777777777778 0.08802083333333333 0.11203703703703705
0 0.6151041666666667 0.5180555555555556 0.11875 0.1564814814814815
0 0.7635416666666667 0.6837962962962963 0.184375 0.2657407407407408
