0 0.484375 0.2 0.028125 0.03333333333333333
0 0.46979166666666666 0.33194444444444443 0.05625 0.07314814814814816
0 0.42864583333333334 0.26435185185185184 0.0375 0.049074074074074076
0 0.40572916666666664 0.32546296296296295 0.051041666666666666 0.09907407407407408
0 0.29661458333333335 0.4365740740740741 0.0703125 0.11574074074074074
0 0.5526041666666667 0.4175925925925926 0.0875 0.11481481481481481
0 0.6604166666666667 0.5148148148148148 0.1875 0.18703703703703706
0 0.57890625 0.7564814814814815 0.17552083333333332 0.3055555555555556
1 0.8565104166666666 0.3199074074074074 0.015104166666666667 0.05462962962962963
1 0.73515625 0.26481481481481484 0.009895833333333333 0.05555555555555556
1 0.6609375 0.23101851851851854 0.00625 0.04537037037037037
1 0.16901041666666666 0.6847222222222222 0.0390625 0.14907407407407408
1 0.16927083333333334 0.5064814814814815 0.016666666666666666 0.11111111111111112
0 0.3442708333333333 0.23981481481481481 0.028125 0.05185185185185186
0 0.3723958333333333 0.26944444444444443 0.03125 0.040740740740740744
