0 0.48020833333333335 0.6717592592592593 0.15520833333333334 0.26203703703703707
0 0.4440104166666667 0.4412037037037037 0.07864583333333333 0.14907407407407408
0 0.3234375 0.3180555555555556 0.0375 0.062037037037037036
0 0.40130208333333334 0.32592592592592595 0.0546875 0.07962962962962963
0 0.5330729166666667 0.412962962962963 0.09010416666666667 0.10925925925925926
0 0.6151041666666667 0.5152777777777778 0.13020833333333334 0.16203703703703703
0 0.7572916666666667 0.6810185185185186 0.18854166666666666 0.26203703703703707
0 0.4666666666666667 0.31666666666666665 0.04791666666666666 0.07222222222222223
1 0.36875 0.6587962962962963 0.04375 0.15462962962962964
1 0.5765625 0.8268518518518518 0.035416666666666666 0.19444444444444445
1 0.7161458333333334 0.8092592592592593 0.03333333333333333 0.1851851851851852
1 0.8559895833333333 0.3611111111111111 0.01614583333333333 0.06851851851851852
1 0.8122395833333333 0.3476851851851852 0.018229166666666668 0.0638888888888889
1 0.62109375 0.2638888888888889 0.015104166666666667 0.040740740740740744
1 0.7833333333333333 0.2796296296296296 0.013541666666666667 0.05925925925925926
1 0.7291666666666666 0.2550925925925926 0.009375 0.049074074074074076
