1 0.17916666666666667 0.6064814814814815 0.03229166666666666 0.1388888888888889
1 0.6455729166666666 0.22685185185185186 0.009895833333333333 0.040740740740740744
1 0.6794270833333333 0.2662037037037037 0.011979166666666666 0.032407407407407406
0 0.3111979166666667 0.8231481481481482 0.12760416666666666 0.3277777777777778
0 0.5783854166666667 0.7560185185185185 0.17447916666666666 0.28425925925925927
0 0.696875 0.4361111111111111 0.15729166666666666 0.15555555555555556
0 0.8513020833333333 0.38981481481481484 0.1015625 0.0962962962962963
0 0.5479166666666666 0.2175925925925926 0.04479166666666667 0.040740740740740744
0 0.5497395833333333 0.3791666666666667 0.09739583333333333 0.1175925925925926
0 0.38697916666666665 0.3615740740740741 0.057291666666666664 0.08981481481481482
0 0.4674479166666667 0.31851851851851853 0.05677083333333333 0.08148148148148149
0 0.43645833333333334 0.2763888888888889 0.034375 0.05462962962962963
