0 0.4791666666666667 0.6777777777777778 0.16354166666666667 0.2611111111111111
0 0.7575520833333333 0.6810185185185186 0.1953125 0.26203703703703707
0 0.6125 0.5111111111111112 0.12083333333333333 0.16481481481481483
0 0.43906249999999997 0.4416666666666667 0.0875 0.1388888888888889
0 0.5341145833333333 0.41620370370370374 0.08697916666666666 0.11203703703703705
0 0.3794270833333333 0.29444444444444445 0.04114583333333333 0.05740740740740741
0 0.3294270833333333 0.2662037037037037 0.028645833333333332 0.04722222222222222
0 0.46770833333333334 0.3162037037037037 0.052083333333333336 0.0712962962962963
1 0.32838541666666665 0.5152777777777778 0.0328125 0.09351851851851853
1 0.37786458333333334 0.7314814814814815 0.03177083333333333 0.1685185185185185
1 0.6986979166666667 0.30462962962962964 0.021354166666666667 0.06296296296296297
1 0.7791666666666667 0.31712962962962965 0.014583333333333334 0.03981481481481482
1 0.7481770833333333 0.3060185185185185 0.0140625 0.03981481481481482
