0 0.3171875 0.5680555555555555 0.08958333333333333 0.17314814814814816
0 0.5390625 0.6615740740740741 0.15208333333333332 0.24166666666666667
0 0.5489583333333333 0.3773148148148148 0.11666666666666667 0.11574074074074074
0 0.7666666666666666 0.3842592592592593 0.10208333333333333 0.09444444444444444
0 0.7765625 0.5467592592592593 0.19375 0.1675925925925926
0 0.9388020833333334 0.549537037037037 0.11927083333333333 0.1953703703703704
0 0.33098958333333334 0.3453703703703704 0.04635416666666667 0.08888888888888889
0 0.46640624999999997 0.31851851851851853 0.05260416666666667 0.07037037037037037
0 0.43124999999999997 0.26805555555555555 0.04791666666666666 0.062037037037037036
0 0.3625 0.2513888888888889 0.035416666666666666 0.049074074074074076
0 0.4028645833333333 0.22685185185185186 0.025520833333333333 0.03888888888888889
0 0.4440104166666667 0.15925925925925927 0.019270833333333334 0.024074074074074074
