1 0.5947916666666666 0.5949074074074074 0.036458333333333336 0.0787037037037037
1 0.8216145833333334 0.3027777777777778 0.0109375 0.07222222222222223
1 0.8848958333333333 0.33055555555555555 0.010416666666666666 0.06851851851851852
0 0.3182291666666667 0.6398148148148148 0.11354166666666667 0.2111111111111111
0 0.4786458333333333 0.6768518518518519 0.15833333333333333 0.2574074074074074
0 0.7546875 0.6833333333333333 0.18958333333333333 0.26666666666666666
0 0.61328125 0.5092592592592593 0.1265625 0.16111111111111112
0 0.5322916666666666 0.4152777777777778 0.0875 0.11203703703703705
0 0.44140625 0.4393518518518519 0.08697916666666666 0.1398148148148148
0 0.371875 0.3175925925925926 0.040625 0.06851851851851852
