1 0.13151041666666666 0.5657407407407408 0.030729166666666665 0.12222222222222223
1 0.1390625 0.7310185185185185 0.034375 0.1675925925925926
1 0.17005208333333333 0.6796296296296297 0.034895833333333334 0.1574074074074074
1 0.6518229166666667 0.23101851851851854 0.0109375 0.03981481481481482
0 0.3359375 0.3800925925925926 0.0625 0.09907407407407408
0 0.39166666666666666 0.33194444444444443 0.052083333333333336 0.09537037037037037
0 0.5338541666666666 0.41203703703703703 0.0875 0.11111111111111112
0 0.6153645833333333 0.512962962962963 0.12239583333333333 0.16111111111111112
0 0.75859375 0.6768518518518519 0.1859375 0.2518518518518519
0 0.2838541666666667 0.7615740740740741 0.14895833333333333 0.4064814814814815
0 0.59453125 0.2777777777777778 0.059895833333333336 0.05740740740740741
