1 0.17864583333333334 0.662962962962963 0.026041666666666668 0.07592592592592592
1 0.19270833333333334 0.788425925925926 0.041666666666666664 0.16203703703703703
1 0.8536458333333333 0.3180555555555556 0.009375 0.058333333333333334
1 0.6544270833333333 0.22824074074074074 0.0078125 0.04351851851851852
1 0.7268229166666667 0.26342592592592595 0.0140625 0.04722222222222222
0 0.7526041666666666 0.6708333333333334 0.175 0.24537037037037038
0 0.44375 0.7245370370370371 0.14479166666666665 0.287962962962963
0 0.6135416666666667 0.5115740740740741 0.11562499999999999 0.14722222222222223
0 0.5276041666666667 0.4046296296296297 0.08645833333333333 0.11666666666666667
0 0.44479166666666664 0.4703703703703704 0.09895833333333333 0.18333333333333335
0 0.29661458333333335 0.5439814814814815 0.10052083333333334 0.23055555555555557
0 0.4380208333333333 0.2884259259259259 0.0375 0.06759259259259259
