0 0.3065104166666667 0.5064814814814815 0.08489583333333334 0.20370370370370372
0 0.43645833333333334 0.7032407407407407 0.14166666666666666 0.2638888888888889
0 0.4265625 0.4324074074074074 0.0875 0.15925925925925927
0 0.5135416666666667 0.38472222222222224 0.07708333333333334 0.10833333333333334
0 0.61640625 0.7412037037037037 0.1921875 0.39537037037037037
0 0.746875 0.6652777777777779 0.18229166666666666 0.2657407407407408
0 0.6002604166666666 0.4902777777777778 0.11510416666666666 0.14722222222222223
1 0.20598958333333334 0.7791666666666667 0.04010416666666666 0.17314814814814816
1 0.1796875 0.6972222222222223 0.03333333333333333 0.15925925925925927
1 0.840625 0.312962962962963 0.014583333333333334 0.06666666666666667
1 0.65 0.225 0.011458333333333333 0.04259259259259259
