0 0.30807291666666664 0.6736111111111112 0.14114583333333333 0.30462962962962964
0 0.47239583333333335 0.6305555555555555 0.1375 0.2425925925925926
0 0.32786458333333335 0.47361111111111115 0.0734375 0.13425925925925927
0 0.43203125 0.4388888888888889 0.09427083333333333 0.13703703703703704
0 0.56484375 0.4203703703703704 0.09322916666666667 0.13518518518518519
0 0.6763020833333333 0.5305555555555556 0.19010416666666666 0.17777777777777778
0 0.7625 0.7481481481481482 0.22708333333333333 0.2925925925925926
0 0.5671875 0.24444444444444446 0.040625 0.04259259259259259
1 0.6588541666666666 0.23425925925925928 0.009375 0.03333333333333333
1 0.7559895833333333 0.29120370370370374 0.013020833333333334 0.05648148148148149
1 0.7796875 0.2837962962962963 0.0125 0.05277777777777778
