0 0.33515625 0.24629629629629632 0.027604166666666666 0.06666666666666667
0 0.37473958333333335 0.2828703703703704 0.03177083333333333 0.058333333333333334
0 0.4145833333333333 0.3490740740740741 0.06666666666666667 0.10555555555555556
0 0.4375 0.27685185185185185 0.041666666666666664 0.04814814814814815
0 0.4848958333333333 0.33935185185185185 0.05520833333333333 0.08796296296296297
0 0.5658854166666667 0.4337962962962963 0.0953125 0.13055555555555556
0 0.6932291666666667 0.525462962962963 0.19791666666666666 0.19907407407407407
0 0.9078125 0.5439814814814815 0.16145833333333334 0.17314814814814816
0 0.5786458333333333 0.7578703703703704 0.18125 0.30648148148148147
0 0.29609375 0.4939814814814815 0.0734375 0.14907407407407408
1 0.15651041666666665 0.5263888888888889 0.027604166666666666 0.11018518518518519
1 0.16979166666666667 0.6921296296296297 0.035416666666666666 0.1564814814814815
1 0.740625 0.2675925925925926 0.015625 0.05
1 0.8416666666666667 0.3125 0.014583333333333334 0.058333333333333334
