1 0.18307291666666667 0.6064814814814815 0.03697916666666667 0.13518518518518519
1 0.8330729166666666 0.3472222222222222 0.018229166666666668 0.05740740740740741
0 0.646875 0.42592592592592593 0.12604166666666666 0.12592592592592594
0 0.7080729166666666 0.3425925925925926 0.0859375 0.0925925925925926
0 0.7122395833333334 0.29120370370370374 0.06510416666666667 0.0638888888888889
0 0.5041666666666667 0.3592592592592593 0.08020833333333333 0.09814814814814815
0 0.4653645833333333 0.3111111111111111 0.0546875 0.06296296296296297
0 0.3671875 0.2814814814814815 0.03958333333333333 0.07037037037037037
0 0.31796875 0.6333333333333333 0.1171875 0.21851851851851853
0 0.5770833333333333 0.7462962962962963 0.17395833333333333 0.29074074074074074
0 0.503125 0.23055555555555557 0.03333333333333333 0.04814814814814815
