1 0.18619791666666666 0.7828703703703704 0.0359375 0.17314814814814816
1 0.18072916666666666 0.6763888888888889 0.03229166666666666 0.09907407407407408
1 0.14453125 0.46990740740740744 0.022395833333333334 0.09722222222222222
1 0.8697916666666666 0.32731481481481484 0.015625 0.07685185185185185
1 0.8010416666666667 0.2967592592592593 0.011458333333333333 0.06018518518518519
1 0.6588541666666666 0.2263888888888889 0.0125 0.04537037037037037
0 0.7536458333333333 0.6773148148148148 0.17291666666666666 0.24351851851851852
0 0.61328125 0.5148148148148148 0.12239583333333333 0.1537037037037037
0 0.4473958333333333 0.7527777777777778 0.153125 0.2925925925925926
0 0.46249999999999997 0.5046296296296297 0.1125 0.1925925925925926
0 0.5333333333333333 0.4101851851851852 0.084375 0.11481481481481481
0 0.29244791666666664 0.5717592592592593 0.10260416666666666 0.24537037037037038
0 0.44609375 0.2986111111111111 0.0453125 0.062037037037037036
0 0.490625 0.32685185185185184 0.04895833333333333 0.06666666666666667
0 0.3611979166666667 0.23703703703703705 0.0234375 0.044444444444444446
