0 0.3015625 0.6962962962962963 0.11354166666666667 0.27037037037037037
0 0.5752604166666666 0.7550925925925926 0.17760416666666667 0.3138888888888889
0 0.8346354166666666 0.475462962962963 0.1796875 0.15092592592592594
0 0.5903645833333333 0.3837962962962963 0.11302083333333333 0.11018518518518519
0 0.4848958333333333 0.41620370370370374 0.10416666666666667 0.11944444444444445
0 0.47291666666666665 0.3175925925925926 0.06041666666666667 0.09074074074074075
0 0.3421875 0.31342592592592594 0.046875 0.06759259259259259
0 0.4197916666666667 0.25324074074074077 0.027083333333333334 0.04537037037037037
0 0.46796875 0.18703703703703706 0.0296875 0.031481481481481485
0 0.5119791666666667 0.22546296296296298 0.036458333333333336 0.03425925925925926
1 0.15651041666666665 0.5958333333333333 0.030729166666666665 0.12685185185185185
1 0.6169270833333333 0.2111111111111111 0.0067708333333333336 0.02962962962962963
