0 0.31276041666666665 0.3314814814814815 0.04635416666666667 0.10185185185185186
0 0.3697916666666667 0.39722222222222225 0.059375 0.11111111111111112
0 0.46822916666666664 0.437962962962963 0.09270833333333334 0.1685185185185185
0 0.521875 0.38472222222222224 0.06770833333333333 0.09907407407407408
0 0.6236979166666666 0.5032407407407408 0.12760416666666666 0.16944444444444445
0 0.4671875 0.3189814814814815 0.051041666666666666 0.06574074074074074
0 0.3768229166666667 0.2763888888888889 0.04010416666666666 0.07314814814814816
0 0.56796875 0.26851851851851855 0.0546875 0.07037037037037037
1 0.171875 0.6949074074074074 0.028125 0.1564814814814815
1 0.14140625 0.6513888888888889 0.0296875 0.14166666666666666
1 0.7096354166666666 0.25601851851851853 0.013020833333333334 0.049074074074074076
1 0.78125 0.2847222222222222 0.0125 0.05648148148148149
