1 0.41171874999999997 0.7912037037037037 0.050520833333333334 0.14722222222222223
1 0.6895833333333333 0.8138888888888889 0.030208333333333334 0.1814814814814815
1 0.8195312499999999 0.7583333333333334 0.0265625 0.12962962962962962
1 0.31640625 0.29120370370370374 0.013020833333333334 0.04351851851851852
1 0.5947916666666666 0.24537037037037038 0.015625 0.04814814814814815
1 0.7408854166666666 0.25972222222222224 0.009895833333333333 0.05277777777777778
1 0.8572916666666667 0.36388888888888893 0.01875 0.06851851851851852
1 0.9091145833333333 0.3875 0.019270833333333334 0.05648148148148149
0 0.48020833333333335 0.6759259259259259 0.16145833333333334 0.2574074074074074
0 0.44114583333333335 0.44351851851851853 0.084375 0.14814814814814814
0 0.6130208333333333 0.5101851851851852 0.11875 0.15555555555555556
0 0.7578125 0.6777777777777778 0.18229166666666666 0.2611111111111111
0 0.5307291666666667 0.412962962962963 0.0875 0.11851851851851852
0 0.31666666666666665 0.3601851851851852 0.053125 0.08888888888888889
0 0.465625 0.31851851851851853 0.051041666666666666 0.07592592592592592
