1 0.29973958333333334 0.42083333333333334 0.024479166666666666 0.09537037037037037
1 0.8283854166666667 0.30185185185185187 0.01614583333333333 0.06851851851851852
1 0.9536458333333333 0.7462962962962963 0.029166666666666667 0.1
1 0.8979166666666667 0.3912037037037037 0.01875 0.0638888888888889
0 0.3177083333333333 0.5902777777777778 0.1 0.19166666666666668
0 0.48046875 0.6763888888888889 0.1609375 0.25833333333333336
0 0.6151041666666667 0.5106481481481482 0.11875 0.15833333333333333
0 0.7578125 0.6810185185185186 0.1875 0.26203703703703707
0 0.44166666666666665 0.4430555555555556 0.08541666666666667 0.14166666666666666
0 0.5333333333333333 0.4134259259259259 0.08854166666666667 0.11018518518518519
0 0.36692708333333335 0.2884259259259259 0.0359375 0.062037037037037036
