0 0.7075520833333333 0.4287037037037037 0.11302083333333333 0.12407407407407407
0 0.75390625 0.6837962962962963 0.18385416666666665 0.2657407407407408
0 0.48125 0.6787037037037037 0.16666666666666666 0.26296296296296295
0 0.3177083333333333 0.6375000000000001 0.1125 0.2175925925925926
0 0.440625 0.4481481481481482 0.0875 0.1462962962962963
0 0.5317708333333333 0.41064814814814815 0.08541666666666667 0.11574074074074074
0 0.3359375 0.39537037037037037 0.06041666666666667 0.09814814814814815
0 0.31276041666666665 0.3078703703703704 0.03802083333333333 0.06944444444444445
0 0.37395833333333334 0.3226851851851852 0.035416666666666666 0.06574074074074074
0 0.43723958333333335 0.3560185185185185 0.08802083333333333 0.0787037037037037
0 0.36276041666666664 0.23425925925925928 0.034895833333333334 0.05925925925925926
