0 0.4747395833333333 0.6638888888888889 0.1609375 0.25
0 0.4276041666666667 0.41481481481481486 0.07395833333333333 0.12222222222222223
0 0.5322916666666666 0.41203703703703703 0.08645833333333333 0.12037037037037038
0 0.36640625 0.26203703703703707 0.034895833333333334 0.05
0 0.4666666666666667 0.31157407407407406 0.042708333333333334 0.075
0 0.6125 0.5115740740740741 0.12083333333333333 0.1638888888888889
0 0.7598958333333333 0.6796296296296297 0.18958333333333333 0.26481481481481484
1 0.30703125 0.4462962962962963 0.03177083333333333 0.08888888888888889
1 0.2916666666666667 0.6361111111111112 0.021875 0.05555555555555556
1 0.3177083333333333 0.6439814814814815 0.015625 0.04537037037037037
1 0.8174479166666666 0.3726851851851852 0.018229166666666668 0.06574074074074074
1 0.8294270833333334 0.3791666666666667 0.015104166666666667 0.05092592592592593
