1 0.14557291666666666 0.48333333333333334 0.027604166666666666 0.10185185185185186
0 0.31796875 0.4444444444444445 0.0703125 0.11851851851851852
0 0.41875 0.3842592592592593 0.06458333333333333 0.10925925925925926
0 0.46015625 0.2972222222222222 0.0484375 0.06666666666666667
0 0.3776041666666667 0.28750000000000003 0.042708333333333334 0.05277777777777778
0 0.4927083333333333 0.3527777777777778 0.06354166666666666 0.07777777777777778
0 0.5471354166666667 0.4222222222222222 0.08697916666666666 0.10555555555555556
0 0.6411458333333333 0.5361111111111111 0.13333333333333333 0.1685185185185185
0 0.7497395833333333 0.7296296296296296 0.20572916666666666 0.3037037037037037
0 0.37135416666666665 0.7726851851851853 0.140625 0.3231481481481482
0 0.5205729166666666 0.22037037037037038 0.0296875 0.031481481481481485
