0 0.3028645833333333 0.6782407407407408 0.11510416666666666 0.26203703703703707
0 0.5770833333333333 0.7560185185185185 0.18125 0.2972222222222222
0 0.56796875 0.47870370370370374 0.16614583333333333 0.17222222222222222
0 0.91484375 0.5296296296296297 0.16302083333333334 0.1685185185185185
0 0.31171875 0.3490740740740741 0.0515625 0.07962962962962963
0 0.3809895833333333 0.28101851851851856 0.04010416666666666 0.062037037037037036
0 0.5125 0.35879629629629634 0.07395833333333333 0.08055555555555556
0 0.45 0.29814814814814816 0.05 0.06296296296296297
0 0.5234375 0.22222222222222224 0.035416666666666666 0.037037037037037035
1 0.8893229166666666 0.33425925925925926 0.0171875 0.05555555555555556
1 0.7221354166666667 0.25416666666666665 0.013020833333333334 0.04722222222222222
1 0.64296875 0.22870370370370371 0.0109375 0.03518518518518519
1 0.16536458333333334 0.6856481481481482 0.0296875 0.16203703703703703
