1 0.31484375 0.4810185185185185 0.027604166666666666 0.09166666666666667
1 0.3299479166666667 0.649537037037037 0.027604166666666666 0.07314814814814816
1 0.35859375 0.7152777777777778 0.025520833333333333 0.15462962962962964
1 0.74921875 0.33055555555555555 0.011979166666666666 0.05
1 0.76015625 0.34814814814814815 0.0140625 0.05555555555555556
1 0.7182291666666667 0.2898148148148148 0.009375 0.05740740740740741
0 0.4375 0.43194444444444446 0.075 0.1398148148148148
1 0.026041666666666668 0.8791666666666667 0.042708333333333334 0.1712962962962963
0 0.48046875 0.6763888888888889 0.15885416666666666 0.2657407407407408
0 0.6143229166666666 0.5106481481481482 0.12760416666666666 0.15833333333333333
0 0.5317708333333333 0.41574074074074074 0.0875 0.11111111111111112
0 0.7606770833333333 0.6819444444444445 0.18802083333333333 0.2675925925925926
0 0.4635416666666667 0.3125 0.04375 0.06944444444444445
0 0.37421875 0.2777777777777778 0.04010416666666666 0.05740740740740741
