1 0.9671875 0.3509259259259259 0.011458333333333333 0.04259259259259259
0 0.31588541666666664 0.2898148148148148 0.03802083333333333 0.05740740740740741
0 0.3736979166666667 0.3189814814814815 0.04114583333333333 0.06944444444444445
0 0.46328125 0.3023148148148148 0.04635416666666667 0.06574074074074074
0 0.528125 0.3476851851851852 0.08229166666666667 0.08055555555555556
0 0.6536458333333334 0.40046296296296297 0.10416666666666667 0.11388888888888889
0 0.53515625 0.41203703703703703 0.09427083333333333 0.11111111111111112
0 0.6151041666666667 0.5162037037037037 0.11875 0.1675925925925926
0 0.4427083333333333 0.44722222222222224 0.08541666666666667 0.1537037037037037
0 0.3325520833333333 0.38981481481481484 0.05677083333333333 0.1
0 0.31666666666666665 0.6351851851851852 0.11041666666666666 0.22222222222222224
0 0.47942708333333334 0.6833333333333333 0.15989583333333332 0.26481481481481484
0 0.7557291666666667 0.6810185185185186 0.18854166666666666 0.2675925925925926
