0 0.32135416666666666 0.6333333333333333 0.10104166666666667 0.20555555555555557
0 0.4783854166666667 0.675 0.16197916666666667 0.2555555555555556
0 0.75390625 0.6814814814814815 0.18697916666666667 0.27592592592592596
0 0.6130208333333333 0.5152777777777778 0.11979166666666667 0.16574074074074074
0 0.44296874999999997 0.4416666666666667 0.08802083333333333 0.14444444444444446
0 0.5330729166666667 0.4078703703703704 0.0890625 0.1287037037037037
0 0.37265625 0.31851851851851853 0.043229166666666666 0.06296296296296297
0 0.3221354166666667 0.2884259259259259 0.0453125 0.05462962962962963
1 0.87890625 0.3263888888888889 0.015104166666666667 0.06574074074074074
1 0.93828125 0.350462962962963 0.015104166666666667 0.06944444444444445
