1 0.16822916666666665 0.6694444444444445 0.03333333333333333 0.0925925925925926
1 0.17239583333333333 0.7671296296296296 0.041666666666666664 0.1675925925925926
1 0.8645833333333334 0.33101851851851855 0.010416666666666666 0.062037037037037036
1 0.9411458333333333 0.3513888888888889 0.011458333333333333 0.062037037037037036
0 0.2869791666666667 0.600925925925926 0.11041666666666666 0.27037037037037037
0 0.5177083333333333 0.6097222222222223 0.15833333333333333 0.2675925925925926
0 0.5328125 0.40972222222222227 0.0875 0.10648148148148148
0 0.7005208333333334 0.3703703703703704 0.09583333333333333 0.0925925925925926
0 0.6151041666666667 0.5078703703703704 0.11979166666666667 0.15092592592592594
0 0.7596354166666667 0.6805555555555556 0.18072916666666666 0.26481481481481484
0 0.3734375 0.27824074074074073 0.041666666666666664 0.058333333333333334
0 0.32135416666666666 0.2689814814814815 0.030208333333333334 0.049074074074074076
