1 0.753125 0.27037037037037037 0.009375 0.05185185185185186
1 0.07734375 0.5967592592592593 0.0265625 0.13796296296296298
1 0.11848958333333333 0.5731481481481482 0.030729166666666665 0.12962962962962962
1 0.14479166666666665 0.5666666666666667 0.026041666666666668 0.13518518518518519
0 0.3104166666666667 0.6935185185185185 0.146875 0.31666666666666665
0 0.5372395833333333 0.8245370370370371 0.19322916666666667 0.33425925925925926
0 0.7106770833333333 0.5703703703703704 0.18385416666666665 0.23148148148148148
0 0.5684895833333333 0.4199074074074074 0.10052083333333334 0.14166666666666666
0 0.42864583333333334 0.44074074074074077 0.0875 0.15
0 0.32369791666666664 0.47361111111111115 0.07447916666666667 0.13055555555555556
0 0.40130208333333334 0.3282407407407408 0.04010416666666666 0.08240740740740742
0 0.6296875 0.3314814814814815 0.07395833333333333 0.08148148148148149
0 0.65234375 0.26805555555555555 0.0640625 0.062037037037037036
