1 0.17630208333333333 0.6041666666666667 0.030729166666666665 0.13055555555555556
0 0.3697916666666667 0.2962962962962963 0.041666666666666664 0.07962962962962963
0 0.44296874999999997 0.2763888888888889 0.0390625 0.05462962962962963
0 0.471875 0.3162037037037037 0.04791666666666666 0.0712962962962963
0 0.47552083333333334 0.21342592592592594 0.026041666666666668 0.03981481481481482
0 0.61953125 0.3013888888888889 0.06822916666666666 0.08240740740740742
0 0.7481770833333333 0.32037037037037036 0.0765625 0.07592592592592592
0 0.52578125 0.3717592592592593 0.08489583333333334 0.09907407407407408
0 0.7013020833333333 0.4462962962962963 0.14635416666666667 0.15555555555555556
0 0.8760416666666666 0.425462962962963 0.13958333333333334 0.09907407407407408
0 0.3015625 0.762962962962963 0.13541666666666666 0.3092592592592593
0 0.575 0.7587962962962963 0.17708333333333334 0.2916666666666667
