1 0.20052083333333334 0.888425925925926 0.05520833333333333 0.1675925925925926
1 0.86015625 0.31712962962962965 0.008854166666666666 0.06018518518518519
1 0.60859375 0.3703703703703704 0.0234375 0.07037037037037037
0 0.7471354166666666 0.6833333333333333 0.1921875 0.3074074074074074
0 0.58125 0.47962962962962963 0.128125 0.16296296296296298
0 0.4322916666666667 0.42962962962962964 0.07604166666666666 0.1388888888888889
0 0.3260416666666667 0.5064814814814815 0.08020833333333333 0.14444444444444446
0 0.33046875 0.39490740740740743 0.0546875 0.08981481481481482
0 0.39036458333333335 0.32222222222222224 0.0484375 0.07222222222222223
0 0.6635416666666667 0.36712962962962964 0.09270833333333334 0.08981481481481482
0 0.7645833333333333 0.3592592592592593 0.09791666666666667 0.08148148148148149
0 0.48203124999999997 0.33101851851851855 0.0546875 0.0712962962962963
