1 0.15286458333333333 0.7097222222222223 0.027604166666666666 0.1638888888888889
1 0.17265625 0.6875 0.0296875 0.15833333333333333
1 0.7294270833333333 0.26342592592592595 0.009895833333333333 0.04722222222222222
1 0.80546875 0.29814814814814816 0.013020833333333334 0.06296296296296297
0 0.6916666666666667 0.5939814814814816 0.16041666666666665 0.22314814814814815
0 0.3859375 0.5166666666666667 0.0875 0.16296296296296298
0 0.50703125 0.4967592592592593 0.12239583333333333 0.20092592592592592
0 0.48125 0.34351851851851856 0.06041666666666667 0.07962962962962963
0 0.39140625 0.32916666666666666 0.05572916666666666 0.09907407407407408
0 0.30807291666666664 0.38657407407407407 0.0640625 0.13611111111111113
0 0.4953125 0.2263888888888889 0.03854166666666667 0.04722222222222222
0 0.41744791666666664 0.25972222222222224 0.0296875 0.03981481481481482
