0 0.29583333333333334 0.6393518518518518 0.09895833333333333 0.225
0 0.3736979166666667 0.33333333333333337 0.044270833333333336 0.08703703703703704
0 0.32760416666666664 0.28194444444444444 0.04375 0.08240740740740742
0 0.3671875 0.2490740740740741 0.03125 0.0462962962962963
0 0.45338541666666665 0.2967592592592593 0.0453125 0.058333333333333334
0 0.4421875 0.3907407407407408 0.075 0.14444444444444446
0 0.5049479166666666 0.3592592592592593 0.0671875 0.09444444444444444
0 0.5877604166666667 0.4625 0.10572916666666667 0.14537037037037037
0 0.69375 0.3680555555555556 0.096875 0.10277777777777779
0 0.8473958333333333 0.5930555555555556 0.21562499999999998 0.20277777777777778
1 0.1484375 0.5824074074074075 0.029166666666666667 0.11666666666666667
1 0.16848958333333333 0.6912037037037038 0.03802083333333333 0.14907407407407408
1 0.8166666666666667 0.3023148148148148 0.013541666666666667 0.05277777777777778
1 0.6895833333333333 0.2425925925925926 0.011458333333333333 0.037037037037037035
