1 0.16510416666666666 0.49212962962962964 0.021875 0.11574074074074074
1 0.14921875 0.49583333333333335 0.0171875 0.10277777777777779
1 0.1203125 0.5046296296296297 0.027083333333333334 0.12037037037037038
1 0.2895833333333333 0.2888888888888889 0.011458333333333333 0.0462962962962963
1 0.9002604166666667 0.33333333333333337 0.0171875 0.06666666666666667
1 0.8861979166666667 0.3365740740740741 0.008854166666666666 0.06574074074074074
1 0.8721354166666666 0.32962962962962966 0.0067708333333333336 0.04814814814814815
0 0.8276041666666667 0.3824074074074074 0.10833333333333334 0.10370370370370371
0 0.4713541666666667 0.6287037037037038 0.13958333333333334 0.22962962962962963
0 0.30807291666666664 0.6643518518518519 0.13072916666666667 0.2916666666666667
0 0.3223958333333333 0.47685185185185186 0.07916666666666666 0.12407407407407407
0 0.4328125 0.43703703703703706 0.08958333333333333 0.14444444444444446
0 0.5682291666666667 0.4199074074074074 0.0875 0.13611111111111113
0 0.6739583333333333 0.5226851851851853 0.18020833333333333 0.18981481481481483
0 0.7677083333333333 0.7550925925925926 0.21458333333333332 0.2953703703703704
