0 0.37994791666666666 0.41203703703703703 0.06822916666666666 0.12037037037037038
0 0.47994791666666664 0.337037037037037 0.05572916666666666 0.08888888888888889
0 0.5703125 0.39351851851851855 0.096875 0.11481481481481481
0 0.7276041666666666 0.4449074074074074 0.16458333333333333 0.15833333333333333
0 0.7268229166666667 0.3287037037037037 0.08489583333333334 0.08888888888888889
0 0.5854166666666667 0.23333333333333334 0.04583333333333333 0.053703703703703705
0 0.5713541666666666 0.7587962962962963 0.18854166666666666 0.28425925925925927
0 0.4239583333333333 0.2518518518518519 0.030208333333333334 0.04259259259259259
0 0.4440104166666667 0.2865740740740741 0.03697916666666667 0.05277777777777778
0 0.3528645833333333 0.24675925925925926 0.0296875 0.05277777777777778
1 0.18125 0.6083333333333334 0.026041666666666668 0.12962962962962962
1 0.6494791666666666 0.22685185185185186 0.0125 0.040740740740740744
