0 0.31666666666666665 0.34120370370370373 0.046875 0.08425925925925926
0 0.4049479166666667 0.37453703703703706 0.0671875 0.10833333333333334
0 0.45729166666666665 0.2962962962962963 0.040625 0.05925925925925926
0 0.3260416666666667 0.25277777777777777 0.034375 0.04259259259259259
0 0.37057291666666664 0.23425925925925928 0.027604166666666666 0.053703703703703705
0 0.40651041666666665 0.24120370370370373 0.0296875 0.04351851851851852
0 0.4888020833333333 0.22592592592592595 0.0296875 0.06296296296296297
0 0.64765625 0.300462962962963 0.06197916666666667 0.06574074074074074
0 0.7252604166666666 0.46342592592592596 0.15989583333333332 0.1564814814814815
0 0.8635416666666667 0.39722222222222225 0.09479166666666666 0.10740740740740741
0 0.5276041666666667 0.3717592592592593 0.08958333333333333 0.10648148148148148
0 0.5799479166666667 0.7532407407407408 0.17447916666666666 0.3027777777777778
1 0.6924479166666666 0.24444444444444446 0.009895833333333333 0.04259259259259259
1 0.18307291666666667 0.6060185185185185 0.0296875 0.13425925925925927
