1 0.15208333333333332 0.5736111111111112 0.026041666666666668 0.11574074074074074
1 0.6135416666666667 0.2087962962962963 0.010416666666666666 0.04166666666666667
0 0.33541666666666664 0.2902777777777778 0.03958333333333333 0.0712962962962963
0 0.40859375 0.34861111111111115 0.06614583333333333 0.08611111111111111
0 0.4596354166666667 0.3013888888888889 0.05364583333333333 0.08055555555555556
0 0.5463541666666667 0.36944444444444446 0.09375 0.1
0 0.55078125 0.2439814814814815 0.04635416666666667 0.04722222222222222
0 0.6265625 0.30185185185185187 0.06770833333333333 0.08888888888888889
0 0.74453125 0.45462962962962966 0.1734375 0.1462962962962963
0 0.5763020833333333 0.7569444444444444 0.17864583333333334 0.30092592592592593
0 0.3151041666666667 0.5620370370370371 0.08541666666666667 0.1851851851851852
0 0.44635416666666666 0.1824074074074074 0.03333333333333333 0.02962962962962963
