1 0.15 0.5527777777777778 0.027083333333333334 0.12037037037037038
1 0.16822916666666665 0.6898148148148149 0.03125 0.15925925925925927
1 0.8299479166666667 0.3037037037037037 0.013020833333333334 0.053703703703703705
1 0.6807291666666666 0.2388888888888889 0.007291666666666667 0.04259259259259259
0 0.7427083333333333 0.5523148148148148 0.203125 0.20092592592592592
0 0.7877604166666666 0.4412037037037037 0.12239583333333333 0.14166666666666666
0 0.5752604166666666 0.44351851851851853 0.10677083333333333 0.14074074074074075
0 0.5885416666666666 0.7819444444444444 0.18229166666666666 0.3138888888888889
0 0.48984374999999997 0.3523148148148148 0.06822916666666666 0.09351851851851853
0 0.42890625 0.3712962962962963 0.07760416666666667 0.1277777777777778
0 0.29270833333333335 0.5560185185185186 0.090625 0.17500000000000002
0 0.3807291666666667 0.3060185185185185 0.036458333333333336 0.06574074074074074
0 0.4440104166666667 0.2916666666666667 0.04739583333333333 0.061111111111111116
0 0.3286458333333333 0.26342592592592595 0.030208333333333334 0.0638888888888889
