1 0.1796875 0.6083333333333334 0.030208333333333334 0.1425925925925926
1 0.7643229166666666 0.31666666666666665 0.0203125 0.0462962962962963
1 0.6515625 0.22731481481481483 0.0125 0.03796296296296296
0 0.6317708333333333 0.2888888888888889 0.059375 0.07592592592592592
0 0.7627604166666666 0.46342592592592596 0.17239583333333333 0.17500000000000002
0 0.58359375 0.4013888888888889 0.11614583333333334 0.11574074074074074
0 0.48776041666666664 0.3453703703703704 0.06510416666666667 0.08888888888888889
0 0.3614583333333333 0.47453703703703703 0.09166666666666666 0.14537037037037037
0 0.4515625 0.29583333333333334 0.040625 0.05648148148148149
0 0.359375 0.2564814814814815 0.034375 0.06481481481481481
0 0.43046875 0.2601851851851852 0.034895833333333334 0.0462962962962963
0 0.5739583333333333 0.7597222222222223 0.18229166666666666 0.2990740740740741
