1 0.16901041666666666 0.6870370370370371 0.0296875 0.1574074074074074
1 0.86875 0.32916666666666666 0.0125 0.06018518518518519
1 0.7265625 0.26435185185185184 0.010416666666666666 0.03981481481481482
1 0.6518229166666667 0.22777777777777777 0.0109375 0.02962962962962963
0 0.6169270833333333 0.4986111111111111 0.17552083333333332 0.16574074074074074
0 0.53125 0.39212962962962966 0.08125 0.10648148148148148
0 0.45807291666666666 0.30972222222222223 0.049479166666666664 0.0712962962962963
0 0.3924479166666667 0.3023148148148148 0.043229166666666666 0.08981481481481482
0 0.42421875 0.25972222222222224 0.03177083333333333 0.04537037037037037
0 0.303125 0.3907407407407408 0.05416666666666667 0.10185185185185186
0 0.5799479166666667 0.7620370370370371 0.17552083333333332 0.29814814814814816
0 0.5041666666666667 0.2111111111111111 0.03125 0.03333333333333333
