0 0.31197916666666664 0.4430555555555556 0.07083333333333333 0.1287037037037037
0 0.46458333333333335 0.425 0.11458333333333333 0.14444444444444446
0 0.4786458333333333 0.3277777777777778 0.057291666666666664 0.07777777777777778
0 0.57265625 0.25416666666666665 0.0484375 0.04722222222222222
0 0.43463541666666666 0.275 0.04739583333333333 0.044444444444444446
0 0.3255208333333333 0.2898148148148148 0.035416666666666666 0.061111111111111116
0 0.3734375 0.24629629629629632 0.03333333333333333 0.05185185185185186
0 0.6794270833333333 0.44351851851851853 0.1546875 0.13703703703703704
0 0.5760416666666667 0.7546296296296297 0.17604166666666665 0.2888888888888889
1 0.928125 0.3476851851851852 0.016666666666666666 0.05648148148148149
1 0.7046875 0.25416666666666665 0.014583333333333334 0.04537037037037037
1 0.17838541666666666 0.638888888888889 0.0390625 0.1425925925925926
