1 0.16822916666666665 0.6652777777777779 0.03333333333333333 0.15462962962962964
1 0.9080729166666667 0.3439814814814815 0.0171875 0.062037037037037036
0 0.79375 0.4865740740740741 0.17916666666666667 0.15092592592592594
0 0.5776041666666667 0.7555555555555555 0.178125 0.29444444444444445
0 0.30963541666666666 0.525 0.0890625 0.17037037037037037
0 0.5171875 0.45046296296296295 0.13958333333333334 0.14351851851851852
0 0.4984375 0.3439814814814815 0.06145833333333333 0.075
0 0.44036458333333334 0.28194444444444444 0.03802083333333333 0.05462962962962963
0 0.3234375 0.31157407407407406 0.04479166666666667 0.06759259259259259
0 0.3770833333333333 0.2625 0.03333333333333333 0.062037037037037036
