1 0.3463541666666667 0.5689814814814815 0.03958333333333333 0.11018518518518519
1 0.5736979166666667 0.8180555555555555 0.043229166666666666 0.20092592592592592
1 0.45989583333333334 0.7981481481481482 0.04375 0.18888888888888888
1 0.6263020833333334 0.25416666666666665 0.011979166666666666 0.04537037037037037
1 0.6546875 0.2833333333333333 0.020833333333333332 0.053703703703703705
1 0.7770833333333333 0.32685185185185184 0.017708333333333333 0.05925925925925926
1 0.8138020833333334 0.3453703703703704 0.018229166666666668 0.07222222222222223
0 0.44296874999999997 0.4476851851851852 0.0828125 0.14166666666666666
0 0.32421875 0.2865740740740741 0.034895833333333334 0.05277777777777778
0 0.3893229166666667 0.31342592592592594 0.04635416666666667 0.0712962962962963
0 0.46640624999999997 0.3180555555555556 0.04114583333333333 0.06759259259259259
0 0.53359375 0.4115740740740741 0.0890625 0.11203703703703705
0 0.6151041666666667 0.512962962962963 0.11562499999999999 0.1574074074074074
0 0.7565104166666666 0.6810185185185186 0.17552083333333332 0.2712962962962963
0 0.48125 0.6717592592592593 0.16041666666666665 0.2564814814814815
