1 0.1578125 0.5143518518518518 0.030208333333333334 0.11388888888888889
1 0.14114583333333333 0.6578703703703704 0.016666666666666666 0.07314814814814816
1 0.15390625 0.737037037037037 0.03802083333333333 0.16481481481481483
1 0.9166666666666666 0.3509259259259259 0.011458333333333333 0.07407407407407407
1 0.66640625 0.24305555555555555 0.011979166666666666 0.04537037037037037
1 0.6958333333333333 0.24305555555555555 0.0125 0.04722222222222222
0 0.7231770833333333 0.350462962962963 0.0921875 0.08981481481481482
0 0.5778645833333333 0.29305555555555557 0.05260416666666667 0.058333333333333334
0 0.31588541666666664 0.312962962962963 0.044270833333333336 0.06666666666666667
0 0.3807291666666667 0.30462962962962964 0.04375 0.06851851851851852
0 0.5330729166666667 0.412962962962963 0.0890625 0.11296296296296297
0 0.61640625 0.5111111111111112 0.1203125 0.1537037037037037
0 0.7583333333333333 0.6800925925925926 0.18541666666666667 0.2638888888888889
0 0.55703125 0.7050925925925926 0.18802083333333333 0.3416666666666667
0 0.28619791666666666 0.638425925925926 0.11927083333333333 0.30833333333333335
