0 0.31927083333333334 0.6356481481481482 0.11145833333333333 0.2064814814814815
0 0.47942708333333334 0.6768518518518519 0.1609375 0.26481481481481484
0 0.75390625 0.6805555555555556 0.18489583333333334 0.26481481481481484
0 0.6130208333333333 0.513888888888889 0.12291666666666666 0.1685185185185185
0 0.5328125 0.4138888888888889 0.08958333333333333 0.11666666666666667
0 0.44140625 0.4439814814814815 0.08697916666666666 0.14722222222222223
0 0.375 0.31851851851851853 0.041666666666666664 0.06851851851851852
1 0.8393229166666667 0.3111111111111111 0.013020833333333334 0.061111111111111116
1 0.9018229166666667 0.33796296296296297 0.0140625 0.07037037037037037
1 0.6270833333333333 0.7282407407407407 0.03958333333333333 0.11388888888888889
