1 0.184375 0.6078703703703704 0.025 0.12685185185185185
1 0.6794270833333333 0.24351851851851852 0.013020833333333334 0.0462962962962963
0 0.7731770833333333 0.3791666666666667 0.11197916666666667 0.0787037037037037
0 0.7817708333333333 0.49259259259259264 0.1625 0.14814814814814814
0 0.5604166666666667 0.39305555555555555 0.103125 0.11203703703703705
0 0.4791666666666667 0.3282407407407408 0.0625 0.075
0 0.37604166666666666 0.31712962962962965 0.051041666666666666 0.08240740740740742
0 0.44427083333333334 0.27685185185185185 0.040625 0.05185185185185186
0 0.32916666666666666 0.28703703703703703 0.042708333333333334 0.05925925925925926
0 0.578125 0.7527777777777778 0.17395833333333333 0.3037037037037037
0 0.56015625 0.26296296296296295 0.0421875 0.06666666666666667
0 0.45625 0.19814814814814816 0.025 0.02962962962962963
1 0.9072916666666666 0.3861111111111111 0.015625 0.053703703703703705
