0 0.31276041666666665 0.3212962962962963 0.03802083333333333 0.06481481481481481
0 0.3380208333333333 0.3990740740740741 0.0625 0.09814814814814815
0 0.44114583333333335 0.44212962962962965 0.0875 0.14722222222222223
0 0.3765625 0.32592592592592595 0.040625 0.07222222222222223
0 0.53125 0.40740740740740744 0.08854166666666667 0.10925925925925926
0 0.5924479166666666 0.37777777777777777 0.0984375 0.10370370370370371
0 0.74296875 0.4476851851851852 0.11510416666666666 0.13240740740740742
0 0.6143229166666666 0.5111111111111112 0.12552083333333333 0.16481481481481483
0 0.7557291666666667 0.6805555555555556 0.18125 0.27037037037037037
0 0.48020833333333335 0.6768518518518519 0.1625 0.26481481481481484
0 0.3184895833333333 0.6402777777777778 0.11614583333333334 0.22314814814814815
1 0.6981770833333333 0.25277777777777777 0.013020833333333334 0.053703703703703705
