0 0.325 0.6300925925925926 0.103125 0.20462962962962963
0 0.47994791666666664 0.6763888888888889 0.15989583333333332 0.25277777777777777
0 0.6127604166666667 0.513888888888889 0.11927083333333333 0.15925925925925927
0 0.7565104166666666 0.6819444444444445 0.18489583333333334 0.2675925925925926
0 0.44114583333333335 0.44212962962962965 0.084375 0.15092592592592594
0 0.5325520833333334 0.41064814814814815 0.08802083333333333 0.11388888888888889
0 0.3690104166666667 0.29953703703703705 0.043229166666666666 0.0712962962962963
1 0.3260416666666667 0.45092592592592595 0.03125 0.07962962962962963
1 0.784375 0.2800925925925926 0.008333333333333333 0.05277777777777778
1 0.84140625 0.3078703703703704 0.01614583333333333 0.0638888888888889
