0 0.31796875 0.41712962962962963 0.0703125 0.11018518518518519
0 0.3559895833333333 0.6138888888888889 0.10052083333333334 0.21296296296296297
0 0.40208333333333335 0.3365740740740741 0.053125 0.08055555555555556
0 0.453125 0.2898148148148148 0.041666666666666664 0.05740740740740741
0 0.48515625 0.33425925925925926 0.05572916666666666 0.07037037037037037
0 0.5348958333333333 0.40231481481481485 0.075 0.09907407407407408
0 0.5536458333333333 0.23472222222222222 0.040625 0.036111111111111115
0 0.6182291666666666 0.5023148148148149 0.11770833333333333 0.14537037037037037
0 0.7145833333333333 0.6643518518518519 0.190625 0.28055555555555556
0 0.4934895833333333 0.5717592592592593 0.12447916666666667 0.18796296296296297
1 0.15546875 0.4620370370370371 0.022395833333333334 0.09074074074074075
1 0.9684895833333333 0.3527777777777778 0.011979166666666666 0.05185185185185186
