0 0.31197916666666664 0.6666666666666667 0.12291666666666666 0.2851851851851852
0 0.475 0.6240740740740741 0.13020833333333334 0.23333333333333334
0 0.328125 0.4763888888888889 0.06875 0.12314814814814816
0 0.4322916666666667 0.4439814814814815 0.078125 0.14351851851851852
0 0.56171875 0.4189814814814815 0.08385416666666666 0.12685185185185185
0 0.6755208333333333 0.5199074074074074 0.171875 0.17500000000000002
0 0.7684895833333333 0.7537037037037038 0.2171875 0.29444444444444445
0 0.5848958333333333 0.2555555555555556 0.046875 0.05
0 0.33541666666666664 0.3736111111111111 0.053125 0.08240740740740742
1 0.6544270833333333 0.2240740740740741 0.011979166666666666 0.040740740740740744
1 0.7763020833333333 0.28750000000000003 0.009895833333333333 0.05648148148148149
1 0.7927083333333333 0.2828703703703704 0.009375 0.05277777777777778
