1 0.15026041666666667 0.5912037037037037 0.0265625 0.09351851851851853
1 0.16796875 0.6912037037037038 0.034895833333333334 0.14907407407407408
1 0.6997395833333333 0.2537037037037037 0.013020833333333334 0.05185185185185186
1 0.8049479166666667 0.29305555555555557 0.011979166666666666 0.05092592592592593
0 0.6190104166666667 0.30833333333333335 0.0734375 0.07777777777777778
0 0.5989583333333334 0.47500000000000003 0.11770833333333333 0.15925925925925927
0 0.29453125 0.7439814814814815 0.1203125 0.2935185185185185
0 0.45208333333333334 0.4138888888888889 0.0875 0.15555555555555556
0 0.5127604166666666 0.37777777777777777 0.0640625 0.10370370370370371
0 0.46067708333333335 0.3055555555555556 0.049479166666666664 0.06666666666666667
0 0.3716145833333333 0.35833333333333334 0.05260416666666667 0.0925925925925926
0 0.31927083333333334 0.30833333333333335 0.04479166666666667 0.08333333333333334
0 0.37005208333333334 0.25833333333333336 0.03697916666666667 0.07407407407407407
