1 0.29973958333333334 0.3675925925925926 0.021354166666666667 0.07592592592592592
1 0.81328125 0.3550925925925926 0.01614583333333333 0.062037037037037036
1 0.8192708333333333 0.2939814814814815 0.016666666666666666 0.05648148148148149
1 0.984375 0.42592592592592593 0.02395833333333333 0.05925925925925926
1 0.8723958333333334 0.7236111111111111 0.020833333333333332 0.07314814814814816
1 0.98203125 0.7625000000000001 0.024479166666666666 0.12685185185185185
0 0.31588541666666664 0.5222222222222223 0.0859375 0.16481481481481483
0 0.48020833333333335 0.6712962962962963 0.16145833333333334 0.26851851851851855
0 0.4419270833333333 0.44351851851851853 0.08489583333333334 0.14074074074074075
0 0.3640625 0.27361111111111114 0.034375 0.05462962962962963
0 0.5346354166666667 0.4115740740740741 0.09322916666666667 0.09907407407407408
0 0.61328125 0.5111111111111112 0.1203125 0.1574074074074074
0 0.7596354166666667 0.6833333333333333 0.1953125 0.26481481481481484
