0 0.3151041666666667 0.4356481481481482 0.06875 0.11388888888888889
0 0.44140625 0.4444444444444445 0.08385416666666666 0.1425925925925926
0 0.4796875 0.6791666666666667 0.16354166666666667 0.25833333333333336
0 0.615625 0.5162037037037037 0.125 0.1638888888888889
0 0.7591145833333334 0.6847222222222222 0.18802083333333333 0.25462962962962965
0 0.52734375 0.41064814814814815 0.08385416666666666 0.11574074074074074
0 0.42526041666666664 0.3509259259259259 0.07135416666666666 0.08148148148148149
1 0.30703125 0.31203703703703706 0.0171875 0.04259259259259259
1 0.78125 0.8064814814814815 0.042708333333333334 0.18888888888888888
1 0.8963541666666667 0.7337962962962963 0.029166666666666667 0.08981481481481482
1 0.9125 0.39675925925925926 0.021875 0.07685185185185185
1 0.9752604166666666 0.4277777777777778 0.0234375 0.05925925925925926
1 0.753125 0.3194444444444445 0.01875 0.05185185185185186
