0 0.3385416666666667 0.4550925925925926 0.06145833333333333 0.13240740740740742
0 0.42083333333333334 0.3837962962962963 0.06979166666666667 0.10277777777777779
0 0.5046875 0.3601851851851852 0.06875 0.08333333333333334
0 0.6385416666666667 0.2837962962962963 0.058333333333333334 0.058333333333333334
0 0.5744791666666667 0.4449074074074074 0.096875 0.11388888888888889
0 0.6502604166666667 0.5745370370370371 0.15677083333333333 0.22314814814814815
0 0.5361979166666666 0.7087962962962964 0.16822916666666665 0.33425925925925926
0 0.33567708333333335 0.6916666666666667 0.11197916666666667 0.2611111111111111
0 0.3880208333333333 0.28750000000000003 0.036458333333333336 0.05277777777777778
1 0.7880208333333333 0.43703703703703706 0.027083333333333334 0.08333333333333334
1 0.9078125 0.34120370370370373 0.016666666666666666 0.075
