0 0.2895833333333333 0.5814814814814815 0.10416666666666667 0.2574074074074074
0 0.4622395833333333 0.7925925925925926 0.16197916666666667 0.32592592592592595
0 0.4825520833333333 0.5310185185185186 0.1390625 0.2101851851851852
0 0.75625 0.6796296296296297 0.18541666666666667 0.25
0 0.6138020833333333 0.5101851851851852 0.11927083333333333 0.15555555555555556
0 0.53671875 0.40925925925925927 0.08177083333333333 0.10740740740740741
0 0.4497395833333333 0.3013888888888889 0.044270833333333336 0.05462962962962963
0 0.359375 0.24166666666666667 0.027083333333333334 0.04259259259259259
1 0.17291666666666666 0.6888888888888889 0.0375 0.1277777777777778
1 0.16927083333333334 0.7597222222222223 0.042708333333333334 0.17314814814814816
1 0.8859374999999999 0.33425925925925926 0.013541666666666667 0.06296296296296297
1 0.8145833333333333 0.3013888888888889 0.011458333333333333 0.062037037037037036
1 0.7059895833333333 0.25 0.0078125 0.03888888888888889
