1 0.9002604166666667 0.33611111111111114 0.013020833333333334 0.07222222222222223
1 0.9601562499999999 0.3509259259259259 0.0140625 0.061111111111111116
0 0.31796875 0.6356481481481482 0.10781249999999999 0.2064814814814815
0 0.4791666666666667 0.6759259259259259 0.16354166666666667 0.2611111111111111
0 0.7567708333333333 0.6819444444444445 0.18958333333333333 0.26944444444444443
0 0.61328125 0.5148148148148148 0.12239583333333333 0.16481481481481483
0 0.44140625 0.4412037037037037 0.08697916666666666 0.14537037037037037
0 0.5330729166666667 0.41574074074074074 0.09010416666666667 0.11296296296296297
0 0.3734375 0.3175925925925926 0.051041666666666666 0.06851851851851852
0 0.315625 0.31157407407407406 0.041666666666666664 0.06759259259259259
0 0.48203124999999997 0.32453703703703707 0.05364583333333333 0.0712962962962963
