0 0.2864583333333333 0.6814814814814815 0.128125 0.3388888888888889
0 0.58359375 0.7671296296296296 0.2109375 0.38796296296296295
0 0.7580729166666667 0.6782407407407408 0.19010416666666666 0.26203703703703707
0 0.6143229166666666 0.5115740740740741 0.1171875 0.15833333333333333
0 0.5354166666666667 0.40740740740740744 0.09270833333333334 0.11666666666666667
0 0.38776041666666666 0.3162037037037037 0.04635416666666667 0.08425925925925926
0 0.3203125 0.34675925925925927 0.051041666666666666 0.08240740740740742
0 0.6497395833333334 0.3078703703703704 0.0734375 0.06944444444444445
0 0.5432291666666667 0.2625 0.042708333333333334 0.049074074074074076
1 0.14583333333333334 0.5361111111111111 0.028125 0.12222222222222223
1 0.1546875 0.687962962962963 0.03958333333333333 0.16296296296296298
1 0.13489583333333333 0.7291666666666667 0.03333333333333333 0.16574074074074074
1 0.6580729166666667 0.2337962962962963 0.011979166666666666 0.03425925925925926
1 0.7041666666666666 0.24583333333333335 0.011458333333333333 0.04351851851851852
1 0.9445312499999999 0.35185185185185186 0.011979166666666666 0.05925925925925926
