0 0.32734375 0.46481481481481485 0.06510416666666667 0.1537037037037037
0 0.37890625 0.3050925925925926 0.04114583333333333 0.062037037037037036
0 0.33046875 0.275 0.03697916666666667 0.04814814814814815
0 0.44947916666666665 0.2865740740740741 0.053125 0.075
0 0.5104166666666666 0.35185185185185186 0.07604166666666666 0.08888888888888889
0 0.6708333333333333 0.4277777777777778 0.14791666666666667 0.1388888888888889
0 0.6010416666666667 0.27546296296296297 0.058333333333333334 0.049074074074074076
0 0.70625 0.3527777777777778 0.084375 0.1
0 0.8950520833333333 0.5939814814814816 0.20572916666666666 0.18981481481481483
0 0.5739583333333333 0.7546296296296297 0.18229166666666666 0.3
1 0.8963541666666667 0.39722222222222225 0.022916666666666665 0.09074074074074075
1 0.15234375 0.55 0.025520833333333333 0.12222222222222223
