0 0.3223958333333333 0.5837962962962964 0.090625 0.19166666666666668
0 0.4666666666666667 0.5180555555555556 0.11354166666666667 0.19722222222222224
0 0.6104166666666666 0.48888888888888893 0.12395833333333334 0.19814814814814816
0 0.8354166666666667 0.7412037037037037 0.225 0.35462962962962963
0 0.32916666666666666 0.40601851851851856 0.06354166666666666 0.10648148148148148
0 0.47682291666666665 0.3791666666666667 0.10989583333333333 0.10092592592592593
0 0.4010416666666667 0.3337962962962963 0.04479166666666667 0.08611111111111111
0 0.5213541666666667 0.21666666666666667 0.03854166666666667 0.03888888888888889
1 0.7890625 0.2828703703703704 0.008333333333333333 0.04537037037037037
1 0.08619791666666667 0.6837962962962963 0.043229166666666666 0.1527777777777778
1 0.12395833333333334 0.6722222222222223 0.0375 0.13518518518518519
1 0.2700520833333333 0.4375 0.021354166666666667 0.08981481481481482
