1 0.16380208333333332 0.6069444444444445 0.03177083333333333 0.1398148148148148
1 0.61953125 0.21296296296296297 0.009895833333333333 0.037037037037037035
0 0.34609375 0.34490740740740744 0.050520833333333334 0.08240740740740742
0 0.48776041666666664 0.33333333333333337 0.06927083333333334 0.09814814814814815
0 0.42578125 0.2606481481481482 0.0296875 0.05277777777777778
0 0.34791666666666665 0.225 0.026041666666666668 0.03518518518518519
0 0.6494791666666666 0.4115740740740741 0.128125 0.125
0 0.6174479166666667 0.5050925925925926 0.1671875 0.15833333333333333
0 0.5760416666666667 0.750462962962963 0.17604166666666665 0.2972222222222222
0 0.53046875 0.24444444444444446 0.03802083333333333 0.05925925925925926
0 0.48541666666666666 0.2175925925925926 0.03125 0.02777777777777778
0 0.9208333333333333 0.5018518518518519 0.15416666666666667 0.15925925925925927
