0 0.3177083333333333 0.3458333333333333 0.04895833333333333 0.08055555555555556
0 0.3731770833333333 0.3175925925925926 0.03802083333333333 0.06851851851851852
0 0.49166666666666664 0.33055555555555555 0.06145833333333333 0.06851851851851852
0 0.57109375 0.36064814814814816 0.08802083333333333 0.09537037037037037
0 0.5401041666666666 0.4087962962962963 0.09895833333333333 0.10648148148148148
0 0.4421875 0.45046296296296295 0.07916666666666666 0.13055555555555556
0 0.61640625 0.5166666666666667 0.12135416666666667 0.16111111111111112
0 0.7575520833333333 0.6842592592592592 0.19114583333333332 0.26481481481481484
0 0.4778645833333333 0.6768518518518519 0.16197916666666667 0.26481481481481484
0 0.31744791666666666 0.6421296296296296 0.11510416666666666 0.2212962962962963
1 0.9197916666666667 0.34444444444444444 0.016666666666666666 0.06851851851851852
1 0.9815104166666666 0.34444444444444444 0.015104166666666667 0.04814814814814815
