1 0.17942708333333332 0.612037037037037 0.03177083333333333 0.14074074074074075
1 0.7002604166666666 0.24861111111111112 0.013020833333333334 0.049074074074074076
1 0.94921875 0.3527777777777778 0.0171875 0.05740740740740741
0 0.6044270833333333 0.275 0.057812499999999996 0.05185185185185186
0 0.4671875 0.20740740740740743 0.025 0.044444444444444446
0 0.3307291666666667 0.275 0.030208333333333334 0.05
0 0.37109375 0.2388888888888889 0.0265625 0.05
0 0.40963541666666664 0.24351851851851852 0.03177083333333333 0.04814814814814815
0 0.46822916666666664 0.30833333333333335 0.053125 0.07592592592592592
0 0.5880208333333333 0.40231481481481485 0.11666666666666667 0.11388888888888889
0 0.8559895833333333 0.5074074074074074 0.17239583333333333 0.15185185185185185
0 0.5783854166666667 0.7564814814814815 0.17447916666666666 0.29814814814814816
0 0.4278645833333333 0.3944444444444445 0.09114583333333333 0.12962962962962962
0 0.3177083333333333 0.3814814814814815 0.05520833333333333 0.0962962962962963
